V0=[
-8,-4,-6,-7,-9,12,8,7,4,19,5,0,-10,-4,-14,11,-26,7,-12,3,-11,-1,5,21,16,1,5,7,-4,4,-9,-11,9,-15,-26,7,8,-13,-11,-5,14,-12,7,2,-9,-1,2,4,3,-2,3,13,1,11,-6,-5,-17,-8,9,-4,6,-11,7,18,12;
3,6,-1,13,17,-13,1,-6,-4,1,14,-4,13,-4,-7,18,-5,10,4,16,3,1,14,14,7,-9,7,-10,-21,5,3,0,16,14,-20,12,16,-7,16,4,5,12,-9,-16,17,-5,4,13,-3,-4,7,2,-10,9,5,-9,-7,-8,4,-3,-9,-2,-8,10,11;
-16,-29,-28,-3,19,11,5,-10,1,8,15,2,-13,2,-8,-7,-16,-2,-7,2,0,-5,-1,7,2,-8,12,-4,28,-10,14,-10,-3,-2,6,-1,-24,22,-2,3,7,-6,-11,1,-11,-1,5,11,0,-3,-1,-4,3,-3,-6,6,-3,-4,7,-12,13,0,-1,4,-15;
-8,-7,0,-7,0,2,-10,1,0,12,4,-3,10,-4,-19,9,-2,17,6,-15,-14,7,4,-14,-15,3,-8,11,3,13,-7,12,9,-8,-12,6,-12,-8,-6,-2,3,9,14,-3,0,4,13,-14,-1,-20,-2,-10,3,1,-8,1,-9,1,-8,1,-1,-5,-8,-15,9;
4,-3,6,-9,11,-6,6,11,-14,-1,10,0,-11,-14,-16,10,-1,-17,3,-12,-6,9,20,-9,-14,-15,5,-16,7,16,-4,-8,-8,0,-3,-16,-4,-14,-9,4,8,16,-19,-3,3,-5,-10,-16,1,9,-17,-5,5,8,-9,19,-18,-11,1,12,24,-4,4,-1,13;
-25,7,-2,6,0,8,3,4,12,10,-11,10,2,0,11,-6,2,-3,7,25,10,6,12,-15,-16,-6,16,12,8,-3,15,-28,-1,-5,-27,-8,0,18,-4,-2,-17,1,-3,14,12,-4,12,23,-13,2,8,2,-6,9,9,-14,-17,-5,-1,4,-1,12,-4,-1,15;
7,13,-10,10,1,-11,1,18,2,10,14,6,18,23,-8,1,0,8,3,2,1,-2,-5,16,20,-5,14,-2,-9,0,-1,8,-15,1,0,20,-5,-14,5,2,-10,-9,7,7,13,-7,22,-2,3,-3,-6,-10,-5,2,9,10,-7,2,-6,10,0,2,11,-1,10;
3,2,6,13,12,1,1,-6,19,-3,22,4,-12,9,-1,2,14,11,-4,-7,2,4,31,9,10,-2,5,3,2,-3,-5,-8,-7,6,15,-4,-11,2,3,5,7,13,-1,-11,-11,-4,6,-20,16,-12,-4,18,-9,14,4,14,9,10,6,-13,2,-4,4,16,0;
-7,-1,6,8,15,-3,-11,16,2,-15,9,4,-3,-7,-12,0,-2,3,14,2,-3,5,13,-11,-1,-11,14,-1,-7,-5,17,2,-5,-4,0,-3,-3,3,0,6,-9,9,12,1,20,-10,17,5,5,0,4,6,-5,0,9,-5,-9,14,-3,2,18,12,13,5,-1;
-3,-6,-15,20,-3,3,2,3,7,-1,-8,1,7,1,-4,6,-21,1,-6,-17,11,-9,2,-1,9,18,7,7,5,-10,2,13,-9,-10,13,6,3,-3,3,2,10,2,-2,6,5,-7,16,5,7,21,2,2,-1,-6,5,-9,-2,6,4,8,6,9,-3,-12,7;
0,-11,-11,4,8,1,2,-4,-6,7,6,-8,-7,10,-6,17,2,-3,-4,16,-2,-10,-4,-2,-13,8,15,11,-4,-2,2,-15,13,8,13,-7,-6,8,20,-10,-16,19,-5,8,4,-1,-2,6,7,-12,-3,15,-11,13,10,2,1,-16,-6,-3,7,25,2,-19,-5;
-5,0,-12,-16,-11,-5,-12,-4,0,-9,6,-3,-7,7,3,-4,-7,0,-5,1,-7,1,10,7,5,3,12,-7,-15,-6,12,1,18,-13,-3,-14,12,3,6,24,-2,3,13,-7,-18,3,3,8,4,12,0,-10,-10,0,-2,-9,-6,0,7,0,8,-5,8,4,0;
9,-4,-6,18,-14,-3,-10,-6,4,-19,-14,-9,3,-7,12,-12,-4,4,6,-13,-2,10,-3,-16,-14,-5,9,12,8,1,-12,-8,6,21,-2,-10,6,14,-10,-16,-9,2,-6,-5,-9,-12,23,7,4,12,16,-6,3,-1,-2,34,9,14,1,4,3,-6,6,-4,-3;
3,-10,6,11,4,12,-6,8,17,-13,-5,-5,-4,-1,-1,0,4,5,9,-19,-17,14,-9,-14,11,-8,1,2,-9,-6,-15,6,-23,-11,-19,-5,7,-15,13,9,-1,3,5,4,0,-3,-17,-8,10,6,14,9,-16,25,3,-7,-1,1,2,-11,1,16,-4,-1,-8;
-12,-15,0,4,-10,-16,-2,-6,-10,-2,13,-9,0,10,5,6,2,-3,7,0,20,13,13,-7,4,5,2,4,-1,-11,-2,2,15,1,8,-4,-8,4,7,-8,13,6,8,-21,4,-11,-3,-9,8,0,-7,9,13,-10,10,-4,-1,5,-10,23,1,-15,6,3,-9;
4,1,3,-9,13,14,-8,-14,0,12,1,2,8,9,-18,6,2,-8,-6,-6,7,6,10,-2,6,11,-9,4,12,-3,-8,-12,6,9,9,-1,5,1,2,27,-16,-10,-7,9,-6,3,-5,18,5,1,14,-4,2,-8,8,-1,0,-10,8,6,-9,3,16,-20,-10;
14,9,-5,9,10,11,7,19,-6,13,-8,-12,0,-2,6,15,-6,-16,-12,12,-17,0,-5,2,-7,-2,-14,7,-21,4,-9,-17,3,8,-1,11,-18,17,9,7,5,14,-2,-1,5,5,11,1,8,4,-19,-5,-3,14,-12,9,-11,-2,7,-21,-13,0,-9,0,1;
6,12,25,1,3,4,-6,1,-3,-7,0,3,0,3,22,-8,0,-3,-14,9,0,3,8,-7,12,16,-9,-2,5,-14,-6,-2,9,-21,6,-14,3,4,-16,-1,-4,7,-18,16,35,7,13,8,-4,5,-19,4,8,8,-7,6,8,6,9,-16,-10,-17,1,6,-4;
]/10;

W0=[
7,3,-4,-13,19,-9,-2,0,-4,0,1,-1,-12,-6,-15,-10,7,5,13;
-8,-4,6,12,-18,9,2,0,5,-1,-1,1,14,5,15,10,-8,-6,-14;
]/10;
